trait	leafmid_BLUP	fenzhi_BLUP
25D001	17.68	7.18
25D002	17.86	8.52
25D003	18.05	10.74
25D004	17.51	11.63
25D005	17.83	5.4
25D006	17.68	7.18
25D007	17.33	7.63
25D008	18.03	8.96
25D009	18.03	6.74
25D010	17.51	9.85
25D011	16.98	8.07
25D012	17.15	18.3
25D013	17.51	6.29
25D014	18.21	7.63
25D015	17.51	8.52
25D016	18.21	5.85
25D017	17.33	7.63
25D018	17.33	9.85
25D019	17.68	11.63
25D020	18.03	6.74
25D021	16.98	9.85
25D022	18.03	6.29
25D023	17.15	5.4
25D024	18.38	6.29
25D025	18.38	10.29
25D026	18.26	8.12
25D027	17.86	6.29
25D028	17.15	5.4
25D029	17.51	9.4
25D030	17.68	6.29
25D031	17.51	13.85
25D032	17.51	11.63
25D033	18.21	7.18
25D034	18.21	7.18
25D035	17.68	4.96
25D036	18.21	7.63
25D037	17.51	9.4
25D038	17.15	12.96
25D039	18.03	7.63
25D040	18.05	9.4
25D041	19.44	10.29
25D042	18.91	6.29
25D043	18.21	8.96
25D044	18.73	6.74
25D045	17.68	5.85
25D046	18.03	9.85
25D047	17.68	6.29
25D048	17.51	11.18
25D049	NA	NA
25D050	17.86	4.96
25D051	17.68	12.52
25D052	18.03	4.51
25D053	17.86	2.74
25D054	18.56	5.85
25D055	17.68	8.96
25D056	18.91	8.52
25D057	18.56	10.29
25D058	17.68	6.74
25D059	17.68	6.29
25D060	17.33	7.18
25D061	17.86	8.07
25D062	18.03	7.63
25D063	17.41	7.32
25D064	17.33	10.29
25D065	17.68	12.07
25D066	17.15	5.85
25D067	17.86	10.29
25D068	18.56	7.18
25D069	18.38	6.74
25D070	19.44	13.41
25D071	18.56	13.85
25D072	18.38	3.62
25D073	18.38	4.07
25D074	17.86	8.52
25D075	18.21	6.29
25D076	18.21	8.07
25D077	18.03	12.96
25D078	17.33	7.18
25D079	17.86	4.07
25D080	17.68	4.51
25D081	17.86	8.07
25D082	17.33	5.4
25D083	18.21	6.74
25D084	17.33	5.4
25D085	18.03	4.51
25D086	17.86	9.4
25D087	18.38	7.63
25D088	16.45	9.4
25D089	17.68	6.29
25D090	18.03	9.4
25D091	18.03	4.96
25D092	17.68	8.07
25D093	17.51	9.4
25D094	17.51	2.29
25D095	18.91	6.74
25D096	19.44	8.52
25D097	NA	NA
25D098	16.45	8.52
25D099	18.21	7.63
25D100	17.68	15.63
25D1000	16.63	3.62
25D1001	17.15	8.52
25D1002	17.86	8.07
25D1003	16.8	4.07
25D1004	17.15	3.62
25D1005	17.15	5.4
25D1006	17.68	4.96
25D1007	17.51	5.4
25D1008	17.33	6.74
25D1009	17.15	10.74
25D101	16.63	6.74
25D1010	17.33	12.52
25D1011	17.68	4.51
25D1012	17.15	4.07
25D1013	17.15	5.4
25D1014	17.68	4.07
25D1015	17.86	9.85
25D1016	17.33	6.29
25D1017	17.68	6.74
25D1018	17.33	4.51
25D1019	17.51	3.18
25D102	18.03	6.74
25D1020	17.68	7.63
25D1021	16.45	5.4
25D1022	17.68	4.51
25D1023	17.33	6.29
25D1024	17.68	2.29
25D1025	18.03	8.07
25D1026	18.56	12.07
25D1027	16.98	5.85
25D1028	17.68	4.96
25D1029	17.15	8.52
25D103	18.38	9.4
25D1030	18.91	3.18
25D1031	18.03	5.4
25D1032	17.51	8.52
25D1033	17.15	10.29
25D1034	18.38	6.74
25D1035	18.03	6.74
25D1036	17.86	12.52
25D1037	17.51	4.96
25D1038	17.33	3.62
25D1039	18.03	8.07
25D104	18.73	8.52
25D1040	16.45	9.85
25D1041	17.33	6.74
25D1042	16.98	6.29
25D1043	17.33	6.29
25D1044	17.33	7.18
25D1045	17.15	8.96
25D1046	17.68	8.96
25D1047	17.33	4.07
25D1048	18.21	8.07
25D1049	17.51	7.18
25D105	17.86	7.63
25D1050	17.86	8.52
25D1051	17.51	8.07
25D1052	17.68	8.96
25D1053	17.51	11.18
25D1054	17.68	4.07
25D1055	18.03	12.52
25D1056	16.45	4.07
25D1057	16.1	3.62
25D1058	17.51	11.18
25D1059	17.86	11.18
25D106	18.21	9.4
25D1060	17.68	8.07
25D1061	17.68	3.18
25D1062	18.21	5.4
25D1063	17.51	4.96
25D1064	17.51	5.85
25D1065	17.68	2.74
25D1066	18.38	5.85
25D1067	17.51	8.07
25D1068	17.33	3.62
25D1069	17.51	12.07
25D107	17.15	10.74
25D1070	17.33	7.18
25D1071	17.33	9.85
25D1072	18.56	8.07
25D1073	17.68	8.07
25D1074	18.03	2.29
25D1075	18.38	2.29
25D1076	18.03	1.85
25D1077	17.68	4.51
25D1078	17.33	10.29
25D1079	17.51	8.96
25D108	16.98	16.96
25D1080	17.86	8.52
25D1081	18.21	8.07
25D1082	17.33	8.07
25D1083	17.51	6.29
25D1084	17.68	9.85
25D1085	17.15	12.96
25D1086	17.86	7.63
25D1087	18.21	5.4
25D1088	18.21	4.96
25D1089	18.03	1.85
25D109	16.63	8.07
25D1090	18.38	2.74
25D1091	16.98	5.85
25D1092	17.86	8.52
25D1093	17.68	3.62
25D1094	17.86	8.96
25D1095	17.33	11.18
25D1096	17.33	10.29
25D1097	18.03	4.07
25D1098	17.33	4.07
25D1099	17.68	4.96
25D110	17.51	6.29
25D1100	18.03	7.18
25D1101	17.51	5.85
25D1102	17.51	6.74
25D1103	17.15	5.85
25D1104	17.86	8.52
25D1105	17.68	11.63
25D1106	18.21	8.07
25D1107	18.03	6.29
25D1108	17.86	4.51
25D1109	17.33	9.85
25D111	18.38	10.29
25D1110	18.03	2.29
25D1111	17.33	4.07
25D1112	17.68	3.18
25D1113	17.51	7.18
25D1114	17.51	7.18
25D1115	16.45	4.51
25D1116	16.8	5.85
25D1117	16.1	4.96
25D1118	16.98	11.18
25D1119	18.38	6.74
25D112	18.38	6.74
25D1120	18.91	6.29
25D1121	18.56	6.74
25D1122	17.86	9.4
25D1123	17.15	4.51
25D1124	17.68	7.63
25D1125	16.98	5.85
25D1126	17.33	10.74
25D1127	18.56	4.51
25D1128	17.86	7.18
25D1129	17.33	13.41
25D113	18.38	9.85
25D1130	16.28	4.07
25D1131	17.51	8.52
25D1132	18.38	5.4
25D1133	16.45	6.29
25D1134	17.33	8.07
25D1135	18.38	7.18
25D1136	18.21	8.52
25D1137	18.03	5.85
25D1138	18.03	5.85
25D1139	17.86	6.74
25D114	18.91	4.96
25D1140	17.51	4.96
25D1141	17.33	5.85
25D1142	16.8	9.85
25D1143	17.86	6.74
25D1144	17.68	8.07
25D1145	NA	NA
25D1146	17.68	8.96
25D1147	17.68	6.74
25D1148	16.8	2.29
25D1149	15.93	4.51
25D115	18.03	6.74
25D1150	17.68	7.63
25D1151	17.33	4.07
25D1152	17.15	3.18
25D1153	18.03	7.18
25D1154	18.21	11.18
25D1155	18.38	4.07
25D1156	17.68	10.29
25D1157	17.15	4.51
25D1158	17.51	9.85
25D1159	17.33	8.07
25D116	17.33	6.29
25D1160	18.03	11.63
25D1161	18.38	11.63
25D1162	18.56	8.52
25D1163	17.86	4.96
25D1164	17.33	5.85
25D1165	17.86	8.96
25D1166	16.63	5.85
25D1167	17.68	4.07
25D1168	17.68	4.51
25D1169	16.8	5.4
25D117	18.38	4.07
25D1170	18.03	7.63
25D1171	18.73	11.18
25D1172	16.45	4.96
25D1173	17.86	3.62
25D1174	17.51	4.51
25D1175	17.51	8.52
25D1176	17.33	4.96
25D1177	16.8	3.62
25D1178	17.51	5.4
25D1179	18.03	7.63
25D118	17.68	7.18
25D1180	17.68	7.18
25D1181	16.8	1.85
25D1182	16.63	4.07
25D1183	17.51	4.07
25D1184	18.38	7.18
25D1185	17.68	5.85
25D1186	18.03	4.51
25D1187	18.21	8.96
25D1188	18.03	8.07
25D1189	17.86	4.96
25D119	16.8	9.85
25D1190	17.68	4.07
25D1191	17.86	6.74
25D1192	17.68	6.29
25D1193	16.98	8.96
25D1194	17.33	4.51
25D1195	16.8	6.29
25D1196	16.98	4.96
25D1197	17.51	10.29
25D1198	17.68	2.74
25D1199	18.03	6.74
25D120	17.51	4.96
25D1200	18.21	8.52
25D1201	18.38	7.18
25D1202	18.56	6.74
25D1203	18.21	4.96
25D1204	17.15	4.96
25D1205	17.33	6.29
25D1206	17.68	5.85
25D1207	18.03	6.74
25D1208	17.86	4.96
25D1209	17.51	5.4
25D121	17.33	7.63
25D1210	18.03	3.62
25D1211	18.38	1.85
25D1212	17.86	2.29
25D1213	17.33	5.4
25D1214	18.03	2.29
25D1215	17.33	4.07
25D1216	18.03	9.4
25D1217	18.56	7.18
25D1218	17.86	4.96
25D1219	18.03	4.96
25D122	18.03	7.18
25D1220	18.03	4.07
25D1221	17.51	3.62
25D1222	16.98	4.96
25D1223	16.8	5.85
25D1224	NA	NA
25D1225	18.03	8.96
25D1226	16.98	5.4
25D1227	18.03	4.96
25D1228	17.86	5.85
25D1229	18.21	8.07
25D123	18.03	13.85
25D1230	17.51	6.29
25D1231	17.68	3.62
25D1232	17.86	7.18
25D1233	18.03	11.63
25D1234	18.56	10.74
25D1235	17.86	4.07
25D1236	17.86	10.29
25D1237	17.68	9.85
25D1238	18.21	5.85
25D1239	16.8	3.62
25D124	16.8	6.29
25D1240	17.15	4.07
25D1241	18.03	6.29
25D1242	17.86	10.29
25D1243	17.51	4.51
25D1244	16.8	6.29
25D1245	17.86	4.51
25D1246	17.86	4.51
25D1247	18.56	8.52
25D1248	17.86	7.63
25D1249	17.68	5.4
25D125	18.56	5.85
25D1250	16.63	3.18
25D1251	18.73	6.74
25D1252	18.91	9.4
25D1253	17.33	8.52
25D1254	18.21	3.62
25D1255	17.86	6.29
25D1256	18.03	6.74
25D1257	16.98	7.63
25D1258	17.68	5.4
25D1259	18.38	7.63
25D126	18.38	12.52
25D1260	17.33	7.18
25D1261	16.98	4.96
25D1262	18.91	8.96
25D1263	18.03	12.96
25D1264	17.68	9.85
25D1265	17.86	13.85
25D1266	18.56	8.96
25D1267	17.68	4.07
25D1268	16.28	4.96
25D1269	16.28	7.18
25D127	NA	NA
25D1270	NA	NA
25D1271	NA	NA
25D1272	18.56	13.41
25D1273	NA	NA
25D1274	17.86	11.63
25D1275	NA	NA
25D1276	17.33	3.18
25D1277	NA	NA
25D1278	18.03	7.63
25D1279	18.38	5.85
25D128	17.51	8.07
25D1280	17.51	8.07
25D1281	18.03	6.74
25D1282	18.03	3.62
25D1283	17.33	4.07
25D1284	17.33	3.62
25D1285	17.68	5.4
25D1286	18.21	6.74
25D1287	17.68	1.85
25D1288	18.03	7.63
25D1289	17.33	5.4
25D129	18.03	8.96
25D1290	NA	NA
25D1291	NA	NA
25D1292	18.21	6.74
25D1293	NA	NA
25D1294	16.28	4.96
25D1295	16.63	3.18
25D1296	18.03	7.63
25D1297	NA	NA
25D1298	17.62	6.52
25D1299	17.51	8.52
25D130	18.56	10.29
25D1300	17.51	6.74
25D1301	17.51	7.63
25D1302	17.86	4.96
25D1303	17.68	5.4
25D1304	NA	NA
25D1305	18.56	9.4
25D1306	18.38	12.07
25D1307	17.33	7.63
25D1308	17.33	7.18
25D1309	17.51	4.51
25D131	18.91	10.29
25D1310	NA	NA
25D1311	17.68	10.74
25D1312	17.51	4.07
25D1313	17.33	5.85
25D1314	17.51	12.07
25D1315	17.51	5.85
25D1316	17.15	4.96
25D1317	17.33	6.74
25D1318	17.51	8.52
25D1319	17.15	12.52
25D132	18.03	10.74
25D1320	17.15	2.74
25D1321	18.03	15.63
25D1322	17.15	8.96
25D1323	17.15	13.41
25D1324	17.15	6.74
25D1325	17.86	5.4
25D1326	19.79	10.29
25D1327	17.51	8.96
25D1328	17.68	6.74
25D1329	17.33	5.4
25D133	18.73	13.41
25D1330	18.56	16.07
25D1331	17.62	14.53
25D1332	17.51	13.85
25D1333	17.15	8.52
25D1334	17.86	10.74
25D1335	NA	NA
25D1336	16.63	3.18
25D1337	17.68	8.96
25D1338	17.51	10.74
25D1339	17.62	5.72
25D134	17.86	6.29
25D1340	18.03	19.63
25D1341	17.41	6.52
25D1342	16.8	10.29
25D1343	17.15	9.4
25D1344	17.33	13.85
25D1345	17.15	10.29
25D1346	17.33	10.29
25D1347	17.33	11.63
25D1348	17.33	13.85
25D1349	17.51	9.85
25D135	17.86	10.74
25D1350	17.68	11.63
25D1351	17.33	15.18
25D1352	17.15	7.18
25D1353	17.15	8.52
25D1354	16.98	13.41
25D1355	17.86	15.18
25D1356	18.03	17.85
25D1357	17.15	7.18
25D1358	17.33	8.52
25D1359	17.33	7.18
25D136	17.68	4.07
25D1360	17.15	12.07
25D1361	17.86	17.41
25D1362	17.86	4.96
25D1363	16.98	11.63
25D1364	17.15	16.07
25D1365	17.86	14.3
25D1366	16.8	8.96
25D1367	17.33	12.07
25D1368	18.38	15.18
25D1369	17.51	10.29
25D137	17.86	6.29
25D1370	17.15	15.18
25D1371	16.8	12.96
25D1372	16.45	8.96
25D1373	16.8	12.96
25D1374	17.51	16.52
25D1375	17.15	8.07
25D1376	16.8	6.29
25D1377	18.03	16.96
25D1378	17.33	16.07
25D1379	17.33	21.85
25D138	17.68	9.85
25D1380	17.68	18.74
25D1381	17.15	7.63
25D1382	17.15	13.41
25D1383	17.33	11.63
25D1384	17.51	13.41
25D1385	17.68	13.41
25D1386	18.03	12.96
25D1387	18.03	18.3
25D1388	17.51	11.63
25D1389	18.38	15.63
25D139	17.68	8.07
25D1390	18.03	12.07
25D1391	18.21	12.52
25D1392	17.68	23.19
25D1393	17.15	10.29
25D1394	19.26	14.3
25D1395	17.86	16.96
25D1396	18.38	13.85
25D1397	17.51	14.3
25D1398	17.15	5.85
25D1399	16.98	9.4
25D140	18.91	3.62
25D1400	17.41	16.93
25D1401	17.15	16.52
25D1402	17.86	14.74
25D1403	17.68	14.3
25D1404	16.98	13.41
25D1405	17.68	14.3
25D1406	NA	NA
25D1407	17.86	11.18
25D1408	17.68	15.18
25D1409	16.63	11.18
25D141	19.44	9.4
25D1410	19.09	9.85
25D1411	18.21	10.29
25D1412	17.51	8.07
25D1413	17.33	7.63
25D1414	17.33	17.85
25D1415	16.28	5.4
25D1416	17.41	10.53
25D1417	16.98	14.3
25D1418	16.98	10.74
25D1419	18.56	7.63
25D142	18.03	9.85
25D1420	18.21	9.85
25D1421	16.63	8.52
25D1422	17.51	14.74
25D1423	16.45	15.63
25D1424	17.33	11.63
25D1425	17.86	8.07
25D1426	NA	NA
25D1427	17.15	14.3
25D1428	16.63	10.29
25D1429	19.09	7.63
25D143	18.73	8.96
25D1430	18.21	18.74
25D1431	16.8	15.18
25D1432	17.86	12.07
25D1433	17.33	11.63
25D1434	17.15	13.41
25D1435	18.03	12.52
25D1436	17.15	10.74
25D1437	16.8	12.07
25D1438	17.68	9.4
25D1439	17.86	16.07
25D144	17.51	4.07
25D1440	17.51	12.52
25D1441	17.15	12.96
25D1442	18.21	14.74
25D1443	16.98	10.74
25D1444	18.21	12.96
25D1445	17.2	7.32
25D1446	16.77	8.93
25D1447	16.63	12.96
25D1448	17.51	18.74
25D1449	17.15	16.07
25D145	17.51	5.4
25D1450	17.51	6.29
25D1451	16.8	4.96
25D1452	17.68	12.96
25D1453	17.68	17.41
25D1454	18.03	4.07
25D1455	17.86	8.52
25D1456	17.15	9.85
25D1457	17.51	12.52
25D1458	NA	NA
25D1459	17.51	14.3
25D146	17.68	7.18
25D1460	18.21	15.18
25D1461	18.56	19.19
25D1462	16.45	5.85
25D1463	17.68	11.63
25D1464	17.33	14.3
25D1465	17.68	17.41
25D1466	NA	NA
25D1467	16.98	11.63
25D1468	17.2	4.12
25D1469	17.15	8.52
25D147	17.86	5.85
25D1470	16.98	10.74
25D1471	18.21	14.3
25D1472	18.38	13.41
25D1473	17.51	6.74
25D1474	18.03	16.52
25D1475	NA	NA
25D1476	16.98	6.52
25D1477	17.15	9.85
25D1478	17.33	17.41
25D1479	17.68	12.07
25D148	18.03	6.74
25D1480	18.03	9.4
25D1481	17.86	18.74
25D1482	17.68	20.52
25D1483	16.8	10.74
25D1484	17.51	8.96
25D1485	18.03	7.63
25D1486	18.03	12.96
25D1487	18.03	12.52
25D1488	18.21	11.63
25D1489	17.86	10.74
25D149	17.33	6.29
25D1490	16.98	15.18
25D1491	17.51	10.29
25D1492	18.03	6.74
25D1493	17.51	10.74
25D1494	17.68	8.07
25D1495	18.03	17.85
25D1496	17.33	8.96
25D1497	16.98	9.73
25D1498	17.68	12.96
25D1499	17.62	12.93
25D150	18.21	9.85
25D1500	16.98	15.18
25D1501	17.68	14.74
25D1502	16.63	17.41
25D1503	17.51	12.07
25D1504	17.86	16.96
25D1505	18.03	11.63
25D1506	16.98	6.74
25D1507	18.21	13.85
25D1508	17.33	12.52
25D1509	17.86	18.74
25D151	18.21	11.18
25D1510	17.51	8.52
25D1511	17.68	17.85
25D1512	17.51	15.63
25D1513	18.21	13.85
25D1514	17.68	11.63
25D1515	17.68	11.18
25D1516	18.03	15.18
25D1517	NA	NA
25D1518	18.56	14.74
25D1519	16.98	13.41
25D152	18.03	4.96
25D1520	18.38	13.41
25D1521	16.45	4.51
25D1522	17.33	12.96
25D1523	17.62	4.92
25D1524	18.03	9.85
25D1525	17.33	8.52
25D1526	17.33	6.74
25D1527	16.98	8.52
25D1528	18.03	9.85
25D1529	17.33	16.07
25D153	18.91	14.3
25D1530	18.03	18.74
25D1531	16.1	14.3
25D1532	17.68	15.18
25D1533	16.98	15.18
25D1534	17.68	22.74
25D1535	16.98	10.74
25D1536	17.2	3.32
25D1537	16.98	19.19
25D1538	NA	NA
25D1539	18.91	15.18
25D154	18.56	7.18
25D1540	17.86	7.18
25D1541	18.03	9.85
25D1542	19.09	14.74
25D1543	18.73	16.52
25D1544	18.21	14.3
25D1545	18.91	17.41
25D1546	18.73	16.07
25D1547	17.86	7.63
25D1548	18.38	12.96
25D1549	18.73	10.74
25D155	18.21	8.07
25D1550	18.91	12.96
25D1551	19.09	18.3
25D1552	19.09	24.52
25D1553	19.26	14.74
25D1554	19.61	19.19
25D1555	18.91	19.63
25D1556	NA	NA
25D1557	18.56	16.52
25D1558	19.09	17.85
25D1559	18.91	17.85
25D156	18.56	13.41
25D1560	NA	NA
25D1561	17.68	7.63
25D1562	17.51	7.63
25D1563	NA	NA
25D1564	17.41	11.33
25D1565	17.15	9.85
25D1566	NA	NA
25D1567	NA	NA
25D1568	NA	NA
25D1569	NA	NA
25D157	18.73	5.85
25D1570	NA	NA
25D1571	NA	NA
25D1572	NA	NA
25D1573	NA	NA
25D1574	NA	NA
25D1575	NA	NA
25D1576	NA	NA
25D1577	NA	NA
25D1578	NA	NA
25D1579	NA	NA
25D158	18.21	7.18
25D1580	NA	NA
25D1581	NA	NA
25D1582	NA	NA
25D1583	NA	NA
25D1584	NA	NA
25D1585	NA	NA
25D1586	NA	NA
25D1587	NA	NA
25D1588	NA	NA
25D1589	NA	NA
25D159	18.38	16.07
25D1590	NA	NA
25D1591	NA	NA
25D1592	NA	NA
25D1593	NA	NA
25D1594	NA	NA
25D1595	NA	NA
25D1596	NA	NA
25D1597	NA	NA
25D1598	NA	NA
25D1599	NA	NA
25D160	18.73	16.52
25D1600	NA	NA
25D1601	NA	NA
25D1602	NA	NA
25D1603	NA	NA
25D1604	NA	NA
25D1605	NA	NA
25D1606	NA	NA
25D1607	NA	NA
25D1608	NA	NA
25D1609	NA	NA
25D161	18.38	5.85
25D1610	NA	NA
25D1611	NA	NA
25D1612	NA	NA
25D1613	NA	NA
25D1614	NA	NA
25D1615	NA	NA
25D1616	NA	NA
25D1617	NA	NA
25D1618	NA	NA
25D1619	NA	NA
25D162	18.03	5.4
25D1620	NA	NA
25D1621	NA	NA
25D1622	NA	NA
25D1623	NA	NA
25D1624	NA	NA
25D1625	NA	NA
25D1626	NA	NA
25D1627	NA	NA
25D1628	NA	NA
25D1629	NA	NA
25D163	17.68	7.63
25D1630	NA	NA
25D1631	NA	NA
25D1632	NA	NA
25D1633	NA	NA
25D1634	NA	NA
25D1635	NA	NA
25D1636	NA	NA
25D1637	NA	NA
25D1638	NA	NA
25D1639	NA	NA
25D164	18.21	7.63
25D1640	NA	NA
25D1641	NA	NA
25D1642	NA	NA
25D1643	NA	NA
25D1644	NA	NA
25D1645	NA	NA
25D1646	NA	NA
25D1647	NA	NA
25D1648	NA	NA
25D1649	NA	NA
25D165	16.8	5.4
25D1650	NA	NA
25D1651	NA	NA
25D1652	NA	NA
25D1653	NA	NA
25D1654	NA	NA
25D1655	NA	NA
25D1656	NA	NA
25D1657	NA	NA
25D1658	NA	NA
25D1659	NA	NA
25D166	18.38	13.41
25D1660	NA	NA
25D1661	NA	NA
25D1662	NA	NA
25D1663	NA	NA
25D1664	NA	NA
25D1665	NA	NA
25D1666	NA	NA
25D1667	NA	NA
25D1668	NA	NA
25D1669	NA	NA
25D167	18.73	15.18
25D1670	NA	NA
25D1671	NA	NA
25D1672	NA	NA
25D1673	NA	NA
25D1674	NA	NA
25D1675	NA	NA
25D1676	NA	NA
25D1677	NA	NA
25D1678	NA	NA
25D1679	NA	NA
25D168	18.38	16.96
25D1680	NA	NA
25D1681	NA	NA
25D1682	NA	NA
25D1683	NA	NA
25D1684	NA	NA
25D1685	NA	NA
25D1686	NA	NA
25D1687	NA	NA
25D1688	NA	NA
25D1689	NA	NA
25D169	17.68	5.85
25D1690	NA	NA
25D1691	NA	NA
25D1692	NA	NA
25D1693	NA	NA
25D1694	NA	NA
25D1695	NA	NA
25D1696	NA	NA
25D1697	NA	NA
25D1698	NA	NA
25D1699	NA	NA
25D170	18.56	8.07
25D1700	NA	NA
25D1701	NA	NA
25D1702	NA	NA
25D1703	NA	NA
25D1704	NA	NA
25D1705	NA	NA
25D1706	NA	NA
25D1707	NA	NA
25D1708	NA	NA
25D1709	NA	NA
25D171	18.38	8.07
25D1710	NA	NA
25D1711	NA	NA
25D1712	NA	NA
25D1713	NA	NA
25D1714	NA	NA
25D1715	NA	NA
25D1716	NA	NA
25D1717	NA	NA
25D1718	NA	NA
25D1719	NA	NA
25D172	18.38	10.74
25D1720	NA	NA
25D1721	NA	NA
25D1722	NA	NA
25D1723	NA	NA
25D1724	NA	NA
25D1725	NA	NA
25D1726	NA	NA
25D1727	NA	NA
25D1728	NA	NA
25D1729	NA	NA
25D173	18.21	12.07
25D1730	NA	NA
25D1731	NA	NA
25D1732	NA	NA
25D1733	NA	NA
25D1734	NA	NA
25D1735	NA	NA
25D1736	NA	NA
25D1737	NA	NA
25D1738	NA	NA
25D1739	NA	NA
25D174	17.68	4.96
25D1740	NA	NA
25D1741	NA	NA
25D1742	NA	NA
25D1743	NA	NA
25D1744	NA	NA
25D1745	NA	NA
25D1746	NA	NA
25D1747	NA	NA
25D1748	NA	NA
25D1749	NA	NA
25D175	18.91	7.18
25D1750	NA	NA
25D1751	NA	NA
25D1752	NA	NA
25D1753	NA	NA
25D1754	NA	NA
25D1755	NA	NA
25D1756	NA	NA
25D1757	NA	NA
25D1758	NA	NA
25D1759	NA	NA
25D176	18.21	11.18
25D1760	NA	NA
25D1761	NA	NA
25D1762	NA	NA
25D1763	NA	NA
25D1764	NA	NA
25D1765	NA	NA
25D1766	NA	NA
25D1767	NA	NA
25D1768	NA	NA
25D1769	NA	NA
25D177	17.86	8.96
25D1770	NA	NA
25D1771	NA	NA
25D1772	17.51	5.85
25D1773	19.26	6.74
25D1774	18.56	4.51
25D1775	19.26	9.85
25D1776	18.73	9.85
25D1777	18.73	11.63
25D1778	19.61	17.41
25D1779	18.21	10.74
25D178	18.03	8.07
25D1780	16.98	7.63
25D1781	17.51	4.07
25D1782	18.38	10.74
25D1783	19.61	8.52
25D1784	16.8	12.07
25D1785	17.51	13.85
25D1786	19.44	8.52
25D1787	18.38	13.41
25D1788	18.91	13.85
25D1789	18.38	4.51
25D179	17.51	8.52
25D1790	18.21	8.96
25D1791	19.09	9.4
25D1792	18.38	9.85
25D1793	18.21	7.63
25D1794	18.03	13.41
25D1795	18.38	10.29
25D1796	17.51	8.52
25D1797	18.38	10.29
25D1798	18.21	4.96
25D1799	17.86	4.96
25D180	18.73	10.74
25D1800	16.1	5.4
25D181	17.86	13.85
25D182	18.38	8.96
25D183	18.91	8.07
25D184	18.38	8.96
25D185	18.56	7.18
25D186	19.26	7.63
25D187	18.38	4.07
25D188	17.86	8.52
25D189	18.21	15.18
25D190	19.44	13.41
25D191	17.86	8.07
25D192	18.73	9.85
25D193	18.21	8.96
25D194	17.86	7.18
25D195	18.91	8.52
25D196	18.21	2.29
25D197	18.03	11.63
25D198	18.03	7.18
25D199	18.91	6.74
25D200	18.38	8.96
25D201	18.03	8.07
25D202	18.21	2.29
25D203	18.73	13.41
25D204	19.09	10.74
25D205	17.68	8.07
25D206	18.73	11.63
25D207	18.03	3.62
25D208	18.56	12.07
25D209	18.21	13.41
25D210	18.91	14.3
25D211	18.03	10.74
25D212	17.33	7.18
25D213	18.03	6.29
25D214	18.38	8.96
25D215	18.38	6.29
25D216	17.68	10.29
25D217	17.51	8.96
25D218	17.33	11.63
25D219	17.86	12.52
25D220	18.21	7.18
25D221	18.21	7.18
25D222	18.21	8.96
25D223	16.45	12.52
25D224	17.68	6.29
25D225	18.03	6.74
25D226	17.68	5.4
25D227	18.21	8.07
25D228	17.68	1.85
25D229	18.56	11.18
25D230	18.38	2.74
25D231	17.15	9.4
25D232	18.21	8.07
25D233	18.56	8.52
25D234	18.26	14.53
25D235	17.51	8.52
25D236	15.75	7.63
25D237	18.05	8.12
25D238	18.21	6.29
25D239	18.73	8.07
25D240	18.56	5.4
25D241	18.21	6.29
25D242	18.91	8.96
25D243	18.56	9.4
25D244	18.56	13.41
25D245	18.91	9.4
25D246	18.56	10.74
25D247	18.21	10.29
25D248	17.33	9.85
25D249	17.86	9.85
25D250	17.51	14.3
25D251	17.15	12.52
25D252	18.21	12.96
25D253	18.56	9.4
25D254	17.68	8.96
25D255	17.33	4.51
25D256	17.86	12.52
25D257	16.63	4.07
25D258	16.98	11.33
25D259	18.03	10.74
25D260	18.38	8.52
25D261	17.33	5.4
25D262	17.33	7.63
25D263	17.15	13.85
25D264	18.05	8.93
25D265	17.51	8.96
25D266	17.86	8.96
25D267	18.21	15.18
25D268	17.41	12.13
25D269	18.56	8.52
25D270	19.44	11.18
25D271	17.15	8.07
25D272	18.21	3.18
25D273	17.51	6.29
25D274	18.21	2.74
25D275	18.21	3.62
25D276	17.86	6.74
25D277	17.2	4.92
25D278	18.03	16.07
25D279	18.21	10.74
25D280	16.1	6.74
25D281	18.03	6.74
25D282	18.03	4.07
25D283	19.09	15.18
25D284	17.86	11.18
25D285	18.73	12.96
25D286	18.91	11.63
25D287	17.15	8.96
25D288	19.09	9.4
25D289	19.26	10.74
25D290	18.56	11.63
25D291	18.56	10.74
25D292	18.21	11.63
25D293	17.68	10.74
25D294	18.21	11.18
25D295	17.86	12.52
25D296	17.86	8.07
25D297	18.73	9.4
25D298	19.79	12.52
25D299	18.73	12.52
25D300	18.56	8.96
25D301	18.21	15.18
25D302	18.56	13.85
25D303	18.56	9.85
25D304	19.96	16.96
25D305	18.91	8.96
25D306	18.47	11.33
25D307	18.91	6.29
25D308	19.44	7.63
25D309	19.61	12.52
25D310	18.91	7.18
25D311	18.56	12.52
25D312	19.26	14.3
25D313	18.21	9.4
25D314	18.73	9.85
25D315	17.51	6.74
25D316	18.56	9.85
25D317	17.86	16.07
25D318	19.09	6.74
25D319	18.91	16.07
25D320	18.38	12.52
25D321	18.56	5.85
25D322	18.21	8.07
25D323	18.73	12.96
25D324	18.38	9.85
25D325	17.68	11.18
25D326	18.38	6.74
25D327	18.38	4.96
25D328	17.86	11.63
25D329	17.68	9.4
25D330	17.68	4.07
25D331	18.21	6.74
25D332	18.21	6.29
25D333	18.03	5.4
25D334	18.38	3.18
25D335	18.05	5.72
25D336	18.38	6.52
25D337	18.03	4.51
25D338	19.26	6.74
25D339	19.09	12.52
25D340	18.21	11.18
25D341	16.45	14.3
25D342	17.86	6.29
25D343	18.21	4.51
25D344	18.73	7.18
25D345	17.86	11.18
25D346	17.51	8.52
25D347	18.38	5.85
25D348	18.38	6.29
25D349	20.49	33.41
25D350	17.33	7.63
25D351	17.86	11.18
25D352	17.68	7.63
25D353	18.21	6.74
25D354	18.03	9.85
25D355	17.62	10.53
25D356	18.26	14.53
25D357	18.03	6.29
25D358	17.86	13.41
25D359	17.33	8.96
25D360	17.15	14.74
25D361	17.83	4.92
25D362	18.05	8.93
25D363	17.86	6.74
25D364	18.21	2.74
25D365	17.33	9.85
25D366	18.03	1.85
25D367	17.68	6.74
25D368	18.38	6.29
25D369	18.26	10.53
25D370	18.38	8.52
25D371	16.98	9.85
25D372	18.05	11.33
25D373	18.21	11.63
25D374	18.91	7.18
25D375	18.21	11.63
25D376	18.38	13.41
25D377	17.62	8.12
25D378	17.51	9.4
25D379	17.86	10.74
25D380	19.26	21.41
25D381	18.38	8.96
25D382	17.68	9.85
25D383	17.41	6.52
25D384	16.28	10.29
25D385	14.87	4.96
25D386	16.63	11.63
25D387	17.51	11.63
25D388	16.45	8.07
25D389	16.1	12.52
25D390	17.41	5.72
25D391	16.28	2.74
25D392	15.75	7.18
25D393	16.45	10.74
25D394	17.15	6.74
25D395	16.98	5.4
25D396	16.1	5.4
25D397	17.15	5.85
25D398	16.63	8.07
25D399	17.68	8.96
25D400	17.86	11.63
25D401	18.03	10.74
25D402	17.33	12.52
25D403	17.83	9.73
25D404	16.98	4.96
25D405	17.15	12.07
25D406	18.21	8.07
25D407	17.51	12.52
25D408	16.56	4.92
25D409	18.38	12.52
25D410	16.28	8.52
25D411	17.15	10.74
25D412	16.45	7.63
25D413	16.98	4.07
25D414	15.75	8.96
25D415	17.68	6.29
25D416	18.21	10.74
25D417	16.1	4.96
25D418	16.28	6.29
25D419	17.51	12.07
25D420	17.68	14.74
25D421	16.98	5.4
25D422	16.63	3.62
25D423	17.51	8.96
25D424	NA	NA
25D425	18.69	9.73
25D426	18.91	9.85
25D427	17.33	8.96
25D428	17.68	13.41
25D429	18.38	7.63
25D430	18.03	8.96
25D431	17.68	8.07
25D432	17.86	7.18
25D433	17.86	8.07
25D434	19.26	11.63
25D435	18.38	13.41
25D436	18.05	6.52
25D437	17.83	8.12
25D438	17.86	11.18
25D439	18.9	17.73
25D440	18.38	10.74
25D441	18.38	11.63
25D442	18.21	3.18
25D443	18.56	10.74
25D444	17.62	13.73
25D445	17.51	8.96
25D446	17.86	8.07
25D447	18.38	15.18
25D448	18.21	7.18
25D449	18.21	10.74
25D450	19.09	16.96
25D451	19.09	6.74
25D452	18.91	6.29
25D453	18.21	7.18
25D454	18.56	22.3
25D455	17.86	4.07
25D456	18.38	8.96
25D457	17.68	9.85
25D458	18.91	8.07
25D459	18.38	5.4
25D460	17.68	7.18
25D461	18.05	14.53
25D462	18.26	4.07
25D463	18.69	NA
25D464	NA	NA
25D465	NA	NA
25D466	NA	NA
25D467	NA	NA
25D468	17.15	3.62
25D469	18.73	9.85
25D470	17.68	5.4
25D471	17.86	10.74
25D472	16.45	11.63
25D473	16.63	11.63
25D474	15.57	7.18
25D475	14.87	4.07
25D476	16.8	4.51
25D477	18.38	15.18
25D478	17.33	7.18
25D479	17.86	9.85
25D480	16.8	5.85
25D481	18.21	6.29
25D482	18.26	16.13
25D483	18.73	14.3
25D484	18.03	4.96
25D485	18.03	13.41
25D486	18.03	11.63
25D487	18.73	11.63
25D488	18.38	6.29
25D489	18.21	8.07
25D490	18.03	3.62
25D491	18.56	8.96
25D492	17.86	4.96
25D493	17.33	7.18
25D494	16.1	8.96
25D495	16.98	10.74
25D496	17.86	15.18
25D497	18.38	8.07
25D498	18.38	4.07
25D499	17.68	7.18
25D500	17.51	7.18
25D501	17.86	8.96
25D502	19.09	12.52
25D503	17.68	8.07
25D504	17.51	13.41
25D505	18.03	13.41
25D506	17.86	5.4
25D507	17.15	7.18
25D508	18.21	4.51
25D509	17.33	9.85
25D510	18.21	1.85
25D511	18.03	6.29
25D512	18.21	9.85
25D513	16.8	7.18
25D514	18.91	8.07
25D515	16.98	11.63
25D516	17.2	8.93
25D517	16.45	4.51
25D518	18.21	8.07
25D519	17.2	9.73
25D520	17.86	10.74
25D521	17.68	6.29
25D522	16.98	4.51
25D523	16.98	10.74
25D524	16.8	9.85
25D525	17.86	7.18
25D526	16.77	10.53
25D527	18.05	12.13
25D528	18.73	8.07
25D529	19.26	11.63
25D530	16.1	9.85
25D531	17.68	9.4
25D532	17.2	10.53
25D533	17.33	8.07
25D534	18.03	8.96
25D535	19.09	12.52
25D536	18.73	17.85
25D537	18.56	8.52
25D538	18.91	12.52
25D539	19.09	12.52
25D540	19.09	10.74
25D541	19.09	10.74
25D542	18.73	13.41
25D543	18.73	21.41
25D544	18.21	15.18
25D545	18.38	10.74
25D546	17.83	12.13
25D547	16.45	5.85
25D548	16.63	10.74
25D549	17.62	7.32
25D550	17.51	5.85
25D551	17.51	3.18
25D552	17.51	6.29
25D553	18.38	6.29
25D554	18.56	4.51
25D555	18.56	10.74
25D556	17.68	4.07
25D557	19.26	11.63
25D558	17.41	14.53
25D559	19.09	10.74
25D560	17.33	4.51
25D561	15.4	5.72
25D562	17.68	12.52
25D563	17.83	18.53
25D564	17.68	6.74
25D565	18.56	8.96
25D566	18.47	5.72
25D567	18.21	17.85
25D568	18.05	12.13
25D569	18.73	8.07
25D570	17.62	8.12
25D571	18.21	10.74
25D572	17.86	9.85
25D573	19.26	13.41
25D574	18.21	15.18
25D575	18.38	20.52
25D576	17.86	9.4
25D577	16.63	6.29
25D578	16.45	8.07
25D579	18.56	8.52
25D580	18.73	9.4
25D581	18.21	10.29
25D582	17.86	5.85
25D583	18.03	6.74
25D584	18.56	15.63
25D585	18.38	7.63
25D586	17.68	7.63
25D587	18.56	12.07
25D588	18.38	7.63
25D589	18.03	5.85
25D590	16.45	8.96
25D591	17.51	6.29
25D592	18.03	7.63
25D593	17.86	5.4
25D594	18.03	9.85
25D595	16.1	7.18
25D596	17.62	8.93
25D597	15.93	5.85
25D598	17.33	3.62
25D599	17.33	10.74
25D600	17.51	11.63
25D601	18.38	13.41
25D602	18.21	10.29
25D603	17.86	5.4
25D604	17.33	8.52
25D605	16.98	4.51
25D606	16.45	6.74
25D607	17.33	7.18
25D608	16.45	5.85
25D609	16.98	4.92
25D610	17.51	8.07
25D611	17.51	6.29
25D612	16.8	9.4
25D613	18.21	7.63
25D614	17.33	9.85
25D615	17.51	8.52
25D616	18.21	5.4
25D617	17.33	7.63
25D618	17.86	4.96
25D619	16.63	7.18
25D620	17.68	5.85
25D621	18.38	6.74
25D622	17.86	2.74
25D623	18.03	6.74
25D624	17.41	4.92
25D625	17.62	4.92
25D626	17.86	6.29
25D627	17.51	6.29
25D628	17.83	11.33
25D629	18.38	9.85
25D630	17.86	3.62
25D631	18.21	6.29
25D632	17.68	5.4
25D633	18.38	6.74
25D634	18.21	10.29
25D635	19.09	5.85
25D636	18.03	8.96
25D637	18.38	10.74
25D638	18.38	6.29
25D639	16.8	6.74
25D640	17.51	8.52
25D641	17.68	12.52
25D642	17.86	8.07
25D643	18.73	4.51
25D644	17.86	8.07
25D645	17.86	1.85
25D646	17.83	4.92
25D647	17.33	9.4
25D648	17.15	7.63
25D649	18.03	7.18
25D650	18.38	7.63
25D651	17.86	11.63
25D652	17.68	12.07
25D653	19.26	10.74
25D654	18.38	10.74
25D655	17.68	6.29
25D656	17.86	5.85
25D657	18.21	4.07
25D658	17.51	7.18
25D659	17.41	8.12
25D660	17.51	4.51
25D661	17.51	5.4
25D662	17.51	7.63
25D663	16.98	3.62
25D664	18.03	4.51
25D665	17.83	4.92
25D666	18.21	4.07
25D667	16.98	5.4
25D668	17.51	6.29
25D669	17.51	8.07
25D670	17.62	4.12
25D671	16.45	4.51
25D672	17.68	8.96
25D673	18.03	9.85
25D674	18.21	6.29
25D675	17.51	10.74
25D676	18.38	12.52
25D677	18.03	11.18
25D678	17.86	7.63
25D679	18.38	6.29
25D680	17.68	10.74
25D681	18.26	10.53
25D682	17.41	7.32
25D683	18.56	16.96
25D684	17.86	6.74
25D685	17.86	20.52
25D686	16.98	9.85
25D687	17.62	9.73
25D688	17.33	9.4
25D689	19.09	7.18
25D690	17.51	8.96
25D691	16.77	5.72
25D692	16.63	8.96
25D693	NA	NA
25D694	18.21	13.85
25D695	17.68	10.74
25D696	18.05	16.13
25D697	17.62	12.93
25D698	17.83	7.32
25D699	18.73	5.85
25D700	17.33	11.63
25D701	18.38	4.51
25D702	17.86	9.85
25D703	18.26	5.72
25D704	14.21	6.52
25D705	18.21	14.3
25D706	17.41	8.93
25D707	17.62	11.33
25D708	16.8	4.07
25D709	16.98	12.52
25D710	17.33	8.07
25D711	17.33	10.29
25D712	16.98	4.51
25D713	17.51	8.52
25D714	17.68	6.74
25D715	17.62	5.72
25D716	17.86	8.07
25D717	17.86	7.63
25D718	17.51	8.96
25D719	18.03	7.18
25D720	18.21	6.29
25D721	18.38	6.29
25D722	18.21	1.85
25D723	16.63	9.85
25D724	18.56	12.52
25D725	18.56	8.96
25D726	18.03	9.85
25D727	18.03	10.74
25D728	17.33	8.52
25D729	17.15	7.18
25D730	16.1	4.96
25D731	17.15	4.51
25D732	17.15	7.63
25D733	18.56	16.52
25D734	16.1	4.96
25D735	19.09	14.74
25D736	17.68	6.29
25D737	17.86	9.85
25D738	17.68	6.74
25D739	18.38	11.18
25D740	18.21	5.85
25D741	17.86	8.96
25D742	17.68	4.07
25D743	17.86	2.29
25D744	16.8	5.85
25D745	17.86	3.18
25D746	15.4	2.74
25D747	18.03	9.85
25D748	17.68	5.85
25D749	16.63	9.4
25D750	17.86	6.74
25D751	18.56	5.4
25D752	18.56	9.4
25D753	17.33	4.51
25D754	18.21	5.85
25D755	17.68	9.4
25D756	18.21	4.51
25D757	16.28	1.85
25D758	16.63	7.18
25D759	18.03	4.07
25D760	18.56	12.07
25D761	17.15	12.07
25D762	16.98	5.4
25D763	18.03	10.74
25D764	16.1	6.74
25D765	18.03	7.63
25D766	18.38	11.18
25D767	18.21	11.18
25D768	17.51	4.07
25D769	17.86	6.74
25D770	18.38	4.96
25D771	17.33	8.07
25D772	17.86	6.74
25D773	17.86	5.4
25D774	16.63	2.29
25D775	16.1	6.29
25D776	17.86	10.29
25D777	18.03	6.29
25D778	18.21	2.74
25D779	15.4	3.62
25D780	17.15	11.63
25D781	15.4	8.96
25D782	17.68	5.4
25D783	18.03	4.51
25D784	17.86	7.63
25D785	17.68	8.96
25D786	17.68	7.18
25D787	16.63	15.63
25D788	17.86	8.96
25D789	18.21	3.62
25D790	18.73	10.29
25D791	17.68	8.07
25D792	17.68	8.07
25D793	18.21	2.29
25D794	17.68	5.85
25D795	18.21	4.07
25D796	18.03	8.96
25D797	17.51	8.52
25D798	17.68	6.29
25D799	18.38	2.29
25D800	18.21	9.4
25D801	17.86	3.62
25D802	18.38	7.63
25D803	17.51	4.96
25D804	17.86	8.07
25D805	18.05	8.93
25D806	15.22	8.07
25D807	18.73	15.63
25D808	18.56	8.07
25D809	18.05	5.72
25D810	16.63	3.62
25D811	16.8	5.4
25D812	17.68	10.74
25D813	17.86	7.18
25D814	17.68	4.51
25D815	18.91	1.85
25D816	18.03	9.85
25D817	17.68	9.85
25D818	18.03	9.85
25D819	17.86	3.62
25D820	17.33	2.74
25D821	18.56	11.63
25D822	18.91	11.63
25D823	18.21	13.41
25D824	18.38	12.07
25D825	17.86	7.18
25D826	17.86	6.29
25D827	17.51	13.41
25D828	18.73	15.18
25D829	18.73	8.07
25D830	18.38	4.51
25D831	17.51	4.51
25D832	18.38	12.07
25D833	17.51	8.96
25D834	17.86	4.96
25D835	18.91	10.74
25D836	17.68	7.18
25D837	17.51	4.07
25D838	17.86	8.96
25D839	17.33	6.29
25D840	16.98	5.4
25D841	16.28	10.74
25D842	16.63	12.07
25D843	17.68	4.51
25D844	17.15	6.74
25D845	17.51	6.74
25D846	17.68	6.29
25D847	17.86	8.52
25D848	17.33	11.18
25D849	17.51	4.96
25D850	17.68	4.51
25D851	16.98	8.96
25D852	18.91	4.07
25D853	18.03	7.18
25D854	16.98	3.62
25D855	17.15	5.85
25D856	18.03	6.29
25D857	17.33	6.29
25D858	17.86	5.4
25D859	18.03	5.4
25D860	16.98	1.85
25D861	18.03	4.51
25D862	17.86	9.85
25D863	16.98	8.96
25D864	18.03	6.29
25D865	18.03	6.29
25D866	18.03	6.74
25D867	18.38	6.74
25D868	17.33	10.74
25D869	17.68	11.63
25D870	17.68	4.07
25D871	16.63	1.85
25D872	17.41	2.52
25D873	16.98	8.07
25D874	17.51	7.18
25D875	17.2	7.32
25D876	15.4	5.85
25D877	15.57	5.4
25D878	16.63	6.74
25D879	17.15	8.07
25D880	17.51	12.96
25D881	16.63	4.51
25D882	17.51	8.07
25D883	16.56	4.92
25D884	17.33	9.4
25D885	17.68	6.74
25D886	17.68	5.4
25D887	18.21	16.07
25D888	18.03	7.18
25D889	15.4	11.18
25D890	18.21	4.96
25D891	17.51	8.96
25D892	16.98	4.51
25D893	16.28	5.85
25D894	18.03	7.63
25D895	17.68	7.63
25D896	17.86	3.62
25D897	18.38	8.96
25D898	18.21	2.29
25D899	16.98	2.29
25D900	16.8	1.85
25D901	NA	NA
25D902	18.03	12.52
25D903	17.86	4.07
25D904	17.86	10.29
25D905	18.03	5.85
25D906	17.33	8.52
25D907	17.33	12.07
25D908	17.86	9.85
25D909	17.33	2.74
25D910	17.15	4.51
25D911	18.73	13.41
25D912	17.33	7.18
25D913	16.98	7.63
25D914	16.8	2.74
25D915	17.2	4.92
25D916	17.15	4.07
25D917	17.41	3.32
25D918	16.8	6.29
25D919	16.63	9.4
25D920	16.98	4.96
25D921	18.03	6.74
25D922	18.38	6.74
25D923	17.15	8.52
25D924	18.03	8.52
25D925	17.33	13.41
25D926	16.98	5.85
25D927	17.33	4.51
25D928	17.68	5.85
25D929	17.86	4.07
25D930	18.03	7.63
25D931	17.51	9.4
25D932	17.33	7.18
25D933	17.86	8.52
25D934	17.51	9.85
25D935	17.51	8.07
25D936	16.98	6.74
25D937	18.21	3.18
25D938	50.52	3.18
25D939	17.51	12.07
25D940	18.38	9.85
25D941	17.15	8.52
25D942	17.86	8.52
25D943	18.03	8.96
25D944	17.33	4.96
25D945	18.38	5.85
25D946	17.68	4.51
25D947	16.98	6.29
25D948	18.21	12.96
25D949	17.51	13.41
25D950	18.03	9.85
25D951	18.05	10.53
25D952	18.03	13.85
25D953	18.21	7.18
25D954	18.03	4.07
25D955	16.98	4.96
25D956	17.68	2.74
25D957	17.86	8.96
25D958	17.51	7.18
25D959	16.98	13.41
25D960	18.03	5.85
25D961	17.68	6.74
25D962	18.56	10.74
25D963	18.73	12.96
25D964	17.68	12.96
25D965	17.86	3.62
25D966	17.86	4.07
25D967	18.38	13.85
25D968	17.68	17.85
25D969	17.68	6.74
25D970	17.51	8.07
25D971	16.8	5.85
25D972	16.45	2.29
25D973	17.15	7.63
25D974	17.68	6.29
25D975	17.68	1.85
25D976	16.45	4.96
25D977	17.68	5.85
25D978	17.51	5.85
25D979	16.28	4.96
25D980	17.86	5.85
25D981	17.68	10.74
25D982	17.33	4.96
25D983	17.15	5.4
25D984	16.8	4.51
25D985	17.15	11.18
25D986	17.68	6.29
25D987	18.03	7.18
25D988	17.51	11.63
25D989	17.15	4.51
25D990	17.15	4.07
25D991	17.86	3.62
25D992	18.73	7.63
25D993	17.15	4.51
25D994	18.03	9.85
25D995	17.68	5.85
25D996	18.03	7.18
25D997	17.68	6.29
25D998	16.98	7.63
25D999	16.8	3.18
